id
2897
3220
3458
3682
3889
2898
3221
3459
3683
3890
2899
3222
3460
3684
3891
2900
3223
3461
3685
3892
2901
3224
3462
3686
3893
2902
3225
3463
3687
3894
2903
3226
3464
3690
3895
2645
2646
2647
2648
4301
4302
4303
4200
2659
2707
2751
2809
2671
4404
4407
4406
4405
4408
2973
2974
2975
2976
2977
2978
2979
2980
2981
2982
3286
3287
3288
3289
3290
3291
3292
3293
3294
3295
2638
2639
2640
2641
2643
2966
4199
4319
2967
2968
2969
2970
2971
2972
3280
3281
3282
3283
3284
3285
3748
3749
2773
3323
2752
2649
4287
2907
2908
2909
2910
2326
2353
2378
2403
2428
2454
2479
2505
2531
2557
2583
2222
2223
2221
4274
4275
4276
4517
4518
4519
2784
2914
2904
3227
3465
3688
3896
2905
3228
3466
3689
3897
2633
2634
4201
4202
4203
6102
6103
6104
6105
7889
7890
7891
7892
7893
2632
2637
3519
3744
6106
6964
6965
6966
6967
6094
6096
6098
6100
6095
6097
6099
6101
6107
6108
6111
6109
6110
6119
6120
6121
6122
6123
6124
6125
6126
6127
6128
6129
6130
6131
6132
6133
6134
6135
6136
6137
6116
6117
6118
2994
2327
2354
2379
2404
2429
2455
2480
2506
2532
2558
2584
6033
6035
6034
6036
6037
6038
6039
6040
6045
6046
6047
6048
6041
6042
6043
6044
6112
6968
6969
6970
6971
6972
6973
6974
6975
6976
6977
8532
8533
8534
8535
8536
8537
8711
8712
8713
8714
8715
9317
8717
9381
9268
9269
9270
9271
9272
9273
9274
9275
9290
10316
10317
10318
10319
10320
10321
10329
10330
10331
12035
12036
12037
12038
12039
12513
12514
12515
12516
12517
6113
7545
8566
8576
9460
10042
10043
10044
10045
10066
10067
10068
10069
10070
10065
13099
13100
13101
13102
13330
13331
13332
13333
13334
13290
13291
13292
13293
13294
13295
13296
13297
13298
13567
13299
13568
13300
13639
13724
13725
8565
13987
13988
13989
13990
14838
15208
15209
15210
15211
15212
15213
15214
15215
15216
15217
15218
15219
15220
15221
15222
15467
15468
15469
15470
15471
15936
15451
16612
16613
16614
16615
17496
17497
17498
17499
17476
17477
17478
17479
17480
17481
17482
17483
17484
17485
16038
16039
20564
20565
20566
21017
21018
21019
21020
21021
21026
20678
20679
22457
22458
14839
14840
14972
14973
14974
14975
14976
14977
14978
14979
14980
14981
14983
15487
15488
15489
15490
15491
15935
8706
8707
8708
8709
8710
16042
16043
16044
16045
16046
16047
16048
23017
23018
23019
23226
24145
24146
24147
24236
24237
24163
24589
24608
24609
24610
24611
24590
24605
24606
24607
25020
25021
27943
27944
27945
27946
27947
27948
27949
27950
25180
27923
28556
28557
28558
28559
28560
28561
28562
28563
28564
28565
28566
28567
28568
28569
28570
28571
28572
28573
28574
28575
28576
28577
28578
28579
28580
28581
28582
28583
28584
28585
28586
28587
30042
30043
30044
30045
30046
30047
30750
30751
30752
30753
30754
31393
30807
30808
30809
30810
32803
32804
32805
33648
33649
33650
33653
33654
35853
35854
35855
35856
35857
35863
35864
35865
35866
35867
35754
35858
36832
36833
36834
36835
36836
38253
38254
38255
38256
38257
38258
38259
38260
38233
38234
38235
38236
38237
38228
38229
38230
38231
38232
39245
39246
40416
40417
40418
40419
40420
13327
13700
13701
13702
15642
15643
15644
15639
15640
15641
10328
30277
22499
21035
27984
41555
41556
41557
41558
41560
41561
41562
41563
41564
41565
41566
13322
13691
13692
13323
13693
13694
13695
13696
13326
13697
13698
13699
13324
13325
13321
14863
14864
14865
14866
14867
14861
14862
15942
15943
15944
15938
15939
15940
15941
21302
21303
21304
21305
21306
23013
23014
23015
23016
24158
24159
24160
24161
24162
17596
17597
17598
17599
17600
17601
17602
17603
17473
17474
20633
20634
20635
20636
22452
22453
22454
22455
22456
24999
25000
27933
27934
27935
28553
28554
28555
30062
30063
30064
30065
31418
33042
33751
33752
33753
36336
36338
36337
36339
36843
39302
39626
39625
39627
39623
39624
39622
39621
38688
40448
40449
40450
40451
17705
17706
17704
17707
17708
17709
17716
17710
17711
17712
17715
17713
17714
20628
20630
20629
36335
20632
30066
20631
20489
20490
20491
20492
20493
20494
20495
20496
20497
20498
17718
17719
17720
17721
17722
14857
14858
14859
14854
14855
14856
15480
15481
15482
15483
15484
15485
15486
16588
16589
16590
16591
16592
16593
16594
16595
20479
20480
20481
20482
20483
20484
20485
20486
20487
20488
16578
16579
16580
16581
16582
16583
16584
16585
16586
16587
22367
22368
22369
22370
22371
22372
22373
22374
22375
22376
24602
24603
24604
24599
24600
24601
23003
23004
23005
23006
23007
23008
23009
23010
23011
23012
24148
24149
24150
24151
24152
24153
24154
24155
24156
24157
30058
30059
30060
30061
28595
28596
28597
28598
28599
31413
31414
31415
31416
31417
31408
31409
31410
31411
31412
32806
32807
32808
32809
32810
32811
28600
28601
28602
28603
28604
28605
28606
28607
28608
28609
33663
33664
33665
33666
36826
36827
36828
36829
36830
36831
38248
38249
38250
38251
38252
39295
39296
39297
39298
39299
39300
39301
40421
40422
40423
40424
40425
39303
39304
39305
39306
39307
21027
21029
21031
21028
21030
21032
30274
30275
30276
38238
38239
38240
38241
38242
41567
41568
41569
41570
41571
41572
41573
41574
41575
40452
40453
40454
40455
8111
8116
8119
8124
8128
8164
25055
27956
41796
41081
21036
21037
21038
21039
21040
21041
41678
43471
43472
43473
43474
43475
